NEWBUS
THE ROUTE
NEWWAY
NEWWAY
NEWWAY
475246413
216419745
475247333
216416533
NEWWAY
475237366
216422681
475237869
216422669
475239173
216422454
475240803
216422025
475242180
216421435
475242651
216420952
475243303
216420148
475244027
216419504
475244933
216419289
475245719
216419466
475246413
216419745
NEWWAY
475236175
216409695
475236275
216411886
475236420
216413871
475236782
216415427
475236746
216416607
475236746
216418699
475237025
216420915
475237366
216422681
NEWWAY
475235849
216399714
475235804
216403303
475235949
216406039
475236175
216409695
NEWWAY
475234868
216398530
475235849
216399714
NEWWAY
475229826
216379403
475234685
216391307
475235098
216392885
475235157
216394224
475234868
216398530
NEWWAY
475214823
216343625
475229826
216379403
NEWWAY
475184888
216327539
475211389
216340137
475212456
216340769
475213348
216341528
475214116
216342396
475214823
216343625
NEWWAY
475186225
216318707
475186120
216318983
475184929
216326249
475184888
216327539
NEWWAY
475186945
216316822
475186225
216318707
NEWWAY
475195527
216319691
475190413
216318559
475188176
216317593
475186945
216316822
NEWWAY
475201023
216320237
475195527
216319691
NEWWAY
475213100
216321846
475201023
216320237
NEWWAY
475221721
216323081
475213100
216321846
NEWWAY
475225096
216321936
475223538
216322671
475221721
216323081
NEWWAY
475225151
216321079
475224892
216320601
475224600
216320977
475225096
216321936
NEWWAY
475225770
216322269
475225151
216321079
NEWWAY
475226472
216323279
475225770
216322269
NEWWAY
475229113
216315469
475226891
216321430
475226472
216323279
NEWWAY
475221153
216309445
475222428
216309847
475229113
216315469
NEWWAY
475219514
216302386
475221153
216309445
NEWWAY
475218334
216297464
475219514
216302386
NEWWAY
475217921
216292986
475218334
216297464
NEWWAY
475217881
216285878
475217921
216292986
NEWWAY
475218331
216285700
475217881
216285878
NEWWAY
475218229
216284225
475218331
216285700
NEWWAY
475217763
216284335
475218229
216284225
NEWWAY
475216225
216284349
475217763
216284335
NEWWAY
475215713
216283502
475216225
216284349
NEWWAY
475215443
216282758
475215713
216283502
NEWWAY
475215405
216282524
475215443
216282758
NEWWAY
475215591
216280279
475215530
216282251
475215405
216282524
NEWWAY
475215635
216275496
475215591
216280279
NEWWAY
475215850
216269872
475215905
216270920
475215929
216271531
475215635
216275496
NEWWAY
475216543
216269474
475215850
216269872
NEWWAY
475233750
216267218
475221164
216268442
475219755
216268675
475218178
216268879
475217935
216268968
475216543
216269474
NEWWAY
475240322
216266600
475233750
216267218
NEWWAY
475244668
216265955
475241733
216266308
475240322
216266600
NEWWAY
475261775
216263766
475260712
216264051
475247183
216265836
475245262
216265884
475244668
216265955
NEWWAY
475262567
216263555
475261775
216263766
NEWWAY
475272703
216259867
475271725
216260187
475266855
216262243
475264859
216262941
475262567
216263555
NEWWAY
475286912
216254098
475273743
216259526
475272703
216259867
NEWWAY
475288976
216253254
475286912
216254098
NEWWAY
475325279
216248716
475319736
216246593
475317500
216245882
475315197
216245806
475312937
216245918
475308527
216246304
475305433
216246863
475303983
216247351
475297462
216249994
475295104
216250786
475290616
216252584
475290382
216252679
475288976
216253254
NEWWAY
475327867
216250280
475327378
216249976
475325279
216248716
NEWWAY
475331076
216252277
475327867
216250280
NEWWAY
475335593
216254928
475334348
216254313
475331076
216252277
NEWWAY
475344591
216257293
475343940
216257066
475339840
216256323
475337318
216255779
475335593
216254928
NEWWAY
475345510
216257613
475344591
216257293
NEWWAY
475355721
216258931
475353419
216258878
475347082
216258160
475345510
216257613
NEWWAY
475360400
216258241
475357951
216258795
475355721
216258931
NEWWAY
475372586
216255481
475360400
216258241
NEWWAY
475383821
216253269
475383007
216253401
475380019
216253891
475377687
216254326
475372586
216255481
NEWWAY
475416308
216249722
475414703
216249830
475411145
216250315
475408922
216250491
475389953
216252533
475388135
216252658
475384802
216253110
475383821
216253269
NEWWAY
475415739
216240267
475416199
216248367
475416245
216248944
475416308
216249722
NEWWAY
475415698
216239538
475415739
216240267
NEWWAY
475414874
216219239
475414967
216221537
475415698
216239538
NEWWAY
475417854
216219040
475416008
216219163
475414874
216219239
NEWWAY
475431083
216218155
475417854
216219040
NEWWAY
475435551
216218023
475431083
216218155
NEWWAY
475460050
216217298
475458906
216217332
475435551
216218023
NEWWAY
475459842
216213613
475459980
216216060
475460050
216217298
NEWWAY
475467227
216213303
475466633
216213666
475459842
216213613
NEWWAY
475482405
216199364
475469632
216211833
475467227
216213303
NEWWAY
475483207
216198740
475482405
216199364
NEWWAY
475486708
216195363
475483207
216198740
NEWWAY
475491786
216190466
475486708
216195363
NEWWAY
475502976
216179673
475491786
216190466
NEWWAY
475506994
216175640
475503296
216179350
475502976
216179673
NEWWAY
475514444
216168166
475506994
216175640
NEWWAY
475516525
216166078
475514444
216168166
NEWWAY
475514676
216161814
475516525
216166078
NEWWAY
475513142
216158433
475514676
216161814
NEWWAY
475511924
216159615
475513142
216158433
NEWWAY
475511816
216157040
475511092
216157952
475511924
216159615
NEWWAY
475510625
216154312
475511816
216157040
NEWWAY
475510261
216152671
475510625
216154312
NEWWAY
475510546
216147970
475510547
216149723
475510261
216152671
NEWWAY
475505007
216148027
475510546
216147970
NEWWAY
475505022
216141192
475505015
216146462
475505005
216147239
475505007
216148027
NEWWAY
475505032
216134080
475505022
216141192
NEWWAY
475530089
216129042
475529419
216128425
475528478
216128156
475527664
216128371
475526306
216129658
475525365
216130168
475524043
216130356
475523391
216130892
475522613
216131670
475521907
216131804
475511769
216131777
475510701
216132126
475510031
216132770
475509271
216133011
475507370
216133145
475506900
216134111
475505032
216134080
NEWWAY
475531600
216131512
475530632
216130463
475530522
216130174
475530089
216129042
NEWWAY
475541320
216122256
475540059
216123617
475531600
216131512
NEWWAY
475539726
216120479
475540458
216121342
475541320
216122256
NEWWAY
475540185
216119679
475539726
216120479
NEWWAY
475547799
216113114
475540043
216114270
475538668
216118055
475540185
216119679
NEWWAY
475565449
216107176
475560231
216107467
475547799
216113114
NEWWAY
475571342
216107272
475565449
216107176
NEWWAY
475569656
216102540
475571342
216107272
NEWWAY
475564352
216091302
475564080
216097721
475564602
216098727
475568279
216098679
475569656
216102540
NEWWAY
475566415
216089655
475566234
216089784
475564352
216091302
NEWWAY
475558941
216069704
475558720
216070968
475558907
216071982
475561404
216078653
475563246
216081768
475566415
216089655
NEWWAY
475558443
216067169
475558950
216069085
475558941
216069704
NEWWAY
475558066
216065744
475558443
216067169
NEWWAY
475549693
216072266
475558066
216065744
NEWWAY
475523868
216093967
475523595
216092592
475549693
216072266
